5 0 5 0 5 9 5 7 0 9 5 5 5 7 9 5 9 0 7 10 4 0 5 4 0 9 2 2 2 10 10 5 7 0 5 0 9 0 5 5 5 9 5 9 7 10 5 9 0 5
9 2 2 2 10 10 5 7 0 5 0 9 0 5 5 5 9 5 9 7 10 5 9 0 5 7 9 9 5 0 2 7 4 5 0 5 4 7 0 0 9 2 5 2 10 10 5 0 0 5
7 9 9 5 0 2 7 4 5 0 5 4 7 0 0 9 2 5 2 10 10 5 0 0 5 0 9 0 5 2 9 11 9 4 0 11 9 0 4 7 5 7 9 7 2 10 5 2 7 9
0 9 0 5 2 9 11 9 4 0 11 9 0 4 7 5 7 9 7 2 10 5 2 7 9 2 10 5 7 0 0 5 5 9 0 2 9 4 5 5 0 7 5 2 10 2 7 5 4 9
2 10 5 7 0 0 5 5 9 0 2 9 4 5 5 0 7 5 2 10 2 7 5 4 9 2 0 6 2 2 2 9 11 9 4 0 11 9 0 4 7 5 7 9 7 2 10 5 2 7
2 0 6 2 2 2 9 11 9 4 0 11 9 0 4 7 5 7 9 7 2 10 5 2 7 9 10 2 5 5 7 0 0 5 5 9 0 2 9 4 5 5 0 7 5 2 10 2 7 5
9 10 2 5 5 7 0 0 5 5 9 0 2 9 4 5 5 0 7 5 2 10 2 7 5 4 9 2 0 6 2 2 5 5 4 5 7 9 10 5 0 9 10 0 10 2 9 0 7 10
4 9 2 0 6 2 2 5 5 4 5 7 9 10 5 0 9 10 0 10 2 9 0 7 10 10 5 9 10 9 10 9 10 9 7 9 2 9 5 4 5 7 9 10 10 9 4 0 10 0
10 5 9 10 9 10 9 10 9 7 9 2 9 5 4 5 7 9 10 10 9 4 0 10 0 9 7 2 5 7 5 0 4 9 5 5 4 5 7 9 10 5 0 9 10 0 10 2 9 0
9 7 2 5 7 5 0 4 9 5 5 4 5 7 9 10 5 0 9 10 0 10 2 9 0 7 10 5 9 10 9 10 9 10 9 7 9 2 9 5 4 5 7 10 9 10 9 4 0 10
7 10 5 9 10 9 10 9 10 9 7 9 2 9 5 4 5 7 10 9 10 9 4 0 10 0 9 7 2 0 7 5 4 5 9 5 5 2 9 2 5 9 7 5 0 7 0 2 0 5
0 9 7 2 0 7 5 4 5 9 5 5 2 9 2 5 9 7 5 0 7 0 2 0 5 10 10 9 9 7 10 5 0 5 4 5 4 5 4 5 4 2 0 5 5 0 7 9 7 5
10 10 9 9 7 10 5 0 5 4 5 4 5 4 5 4 2 0 5 5 0 7 9 7 5 4 10 10 0 2 4 5 2 7 0 0 5 4 9 5 5 5 2 9 2 5 9 7 5 0
4 10 10 0 2 4 5 2 7 0 0 5 4 9 5 5 5 2 9 2 5 9 7 5 0 7 0 2 0 5 10 10 9 9 7 10 5 0 5 4 5 4 5 4 5 4 2 0 5 5
7 0 2 0 5 10 10 9 9 7 10 5 0 5 4 5 4 5 4 5 4 2 0 5 5 0 7 9 7 5 9 4 10 10 0 2 4 5 2 5 0 0 4 5 5 6 2 2 6 9
0 7 9 7 5 9 4 10 10 0 2 4 5 2 5 0 0 4 5 5 6 2 2 6 9 2 2 7 7 10 2 9 7 9 6 2 2 7 6 4 2 6 2 2 2 2 7 7 2 9
2 2 7 7 10 2 9 7 9 6 2 2 7 6 4 2 6 2 2 2 2 7 7 2 9 7 6 2 2 7 6 4 2 6 2 9 2 2 6 9 2 3 4 5 6 7 8 9 10 5
7 6 2 2 7 6 4 2 6 2 9 2 2 6 9 2 3 4 5 6 7 8 9 10 5 10 2 9 0 5 9 10 7 2 9 7 6 2 2 7 6 4 2 6 9 2 2 6 9 2
10 2 9 0 5 9 10 7 2 9 7 6 2 2 7 6 4 2 6 9 2 2 6 9 2 2 5 10 2 10 9 0 5 9 5 10 7 2 9 7 6 9 2 7 6 4 2 5 0 5
2 5 10 2 10 9 0 5 9 5 10 7 2 9 7 6 9 2 7 6 4 2 5 0 5 9 7 9 5 5 0 2 5 0 0 3 0 0 3 10 9 7 3 10 3 7 5 7 3 10
9 7 9 5 5 0 2 5 0 0 3 0 0 3 10 9 7 3 10 3 7 5 7 3 10 0 0 9 2 10 10 10 5 2 10 9 7 2 2 4 5 2 7 4 5 9 5 10 9 7
0 0 9 2 10 10 10 5 2 10 9 7 2 2 4 5 2 7 4 5 9 5 10 9 7 0 0 2 2 9 7 2 10 7 4 9 1 2 2 6 2 2 5 0 5 9 9 7 5 0
0 0 2 2 9 7 2 10 7 4 9 1 2 2 6 2 2 5 0 5 9 9 7 5 0 5 11 2 0 3 0 0 10 9 7 3 3 10 7 5 3 10 0 0 3 2 5 10 5 10
5 11 2 0 3 0 0 10 9 7 3 3 10 7 5 3 10 0 0 3 2 5 10 5 10 2 10 9 7 5 2 9 2 4 5 2 7 4 5 9 10 9 7 0 0 9 5 2 1 10
2 10 9 7 5 2 9 2 4 5 2 7 4 5 9 10 9 7 0 0 9 5 2 1 10 7 2 4 9 1 6 2 6 2 2 0 5 10 0 10 7 5 5 9 0 0 5 9 2 2
7 2 4 9 1 6 2 6 2 2 0 5 10 0 10 7 5 5 9 0 0 5 9 2 2 10 10 0 5 7 4 9 5 5 0 5 9 5 0 10 0 7 10 9 5 0 2 9 7 5
10 10 0 5 7 4 9 5 5 0 5 9 5 0 10 0 7 10 9 5 0 2 9 7 5 7 0 5 9 7 5 5 0 5 9 5 7 9 10 0 5 0 5 0 10 5 9 0 5 5
7 0 5 9 7 5 5 0 5 9 5 7 9 10 0 5 0 5 0 10 5 9 0 5 5 0 2 10 9 7 10 5 4 0 0 5 7 9 5 5 0 5 0 5 7 3 10 3 9 10
0 2 10 9 7 10 5 4 0 0 5 7 9 5 5 0 5 0 5 7 3 10 3 9 10 3 10 3 10 3 10 7 3 3 10 5 7 9 10 0 10 2 9 7 5 4 0 0 5 4
3 10 3 10 3 10 7 3 3 10 5 7 9 10 0 10 2 9 7 5 4 0 0 5 4 9 5 10 0 0 9 5 10 0 10 7 5 5 0 9 4 7 0 0 5 7 9 5 5 5
9 5 10 0 0 9 5 10 0 10 7 5 5 0 9 4 7 0 0 5 7 9 5 5 5 0 0 5 3 3 5 7 9 10 3 3 10 10 3 7 10 3 3 3 5 7 9 10 0 2
0 0 5 3 3 5 7 9 10 3 3 10 10 3 7 10 3 3 3 5 7 9 10 0 2 9 7 5 0 0 5 4 0 5 10 5 9 7 9 5 3 2 10 10 5 0 2 4 5 2
9 7 5 0 0 5 4 0 5 10 5 9 7 9 5 3 2 10 10 5 0 2 4 5 2 2 4 0 0 5 7 9 5 5 0 5 0 8 5 5 8 0 5 5 0 5 8 5 7 3
2 4 0 0 5 7 9 5 5 0 5 0 8 5 5 8 0 5 5 0 5 8 5 7 3 0 11 2 7 0 0 7 3 0 0 8 3 10 7 3 3 8 5 0 5 7 8 10 8 7
0 11 2 7 0 0 7 3 0 0 8 3 10 7 3 3 8 5 0 5 7 8 10 8 7 5 4 0 0 5 4 2 4 7 0 0 5 5 8 0 0 5 8 5 8 0 5 5 7 3
5 4 0 0 5 4 2 4 7 0 0 5 5 8 0 0 5 8 5 8 0 5 5 7 3 0 11 2 7 0 3 7 0 0 8 3 3 7 10 3 8 5 5 0 7 8 10 8 7 5
0 11 2 7 0 3 7 0 0 8 3 3 7 10 3 8 5 5 0 7 8 10 8 7 5 0 7 7 4 0 5 4 2 4 7 0 0 7 8 8 0 5 5 10 2 5 2 7 3 3
0 7 7 4 0 5 4 2 4 7 0 0 7 8 8 0 5 5 10 2 5 2 7 3 3 3 5 0 5 3 2 0 7 11 2 4 0 7 0 0 10 7 8 0 10 7 7 8 5 7
3 5 0 5 3 2 0 7 11 2 4 0 7 0 0 10 7 8 0 10 7 7 8 5 7 3 0 2 5 0 3 0 0 2 7 11 4 0 7 0 0 10 7 8 5 3 7 0 10 7
3 0 2 5 0 3 0 0 2 7 11 4 0 7 0 0 10 7 8 5 3 7 0 10 7 8 0 7 10 7 8 5 7 3 0 2 5 0 0 2 0 7 11 8 3 8 3 5 0 5
8 0 7 10 7 8 5 7 3 0 2 5 0 0 2 0 7 11 8 3 8 3 5 0 5 3 2 0 7 0 2 11 9 7 0 11 0 11 0 11 0 11 0 11 9 11 0 7 0 4
3 2 0 7 0 2 11 9 7 0 11 0 11 0 11 0 11 0 11 9 11 0 7 0 4 7 8 8 0 5 5 10 2 5 2 7 3 3 3 5 0 5 3 2 0 7 11 2 4 0
7 8 8 0 5 5 10 2 5 2 7 3 3 3 5 0 5 3 2 0 7 11 2 4 0 7 0 0 10 7 8 0 10 7 7 8 5 7 3 0 2 5 0 3 0 0 2 7 11 4
7 0 0 10 7 8 0 10 7 7 8 5 7 3 0 2 5 0 3 0 0 2 7 11 4 0 7 0 0 10 7 8 5 3 7 0 10 7 8 0 7 10 7 8 5 7 3 0 2 5
0 7 0 0 10 7 8 5 3 7 0 10 7 8 0 7 10 7 8 5 7 3 0 2 5 0 0 2 0 7 11 8 3 8 3 5 0 5 3 2 0 7 0 2 11 9 7 0 11 0
0 0 2 0 7 11 8 3 8 3 5 0 5 3 2 0 7 0 2 11 9 7 0 11 0 11 0 11 0 11 0 11 9 11 0 7 0 4 5 5 7 0 9 5 10 0 5 0 2 5
11 0 11 0 11 0 11 9 11 0 7 0 4 5 5 7 0 9 5 10 0 5 0 2 5 10 5 7 0 5 0 9 5 0 5 7 5 5 7 0 9 5 10 7 5 9 0 5 10 5
10 5 7 0 5 0 9 5 0 5 7 5 5 7 0 9 5 10 7 5 9 0 5 10 5 7 0 7 5 9 5 5 0 5 5 5 7 0 9 5 10 0 5 0 2 5 10 5 7 0
7 0 7 5 9 5 5 0 5 5 5 7 0 9 5 10 0 5 0 2 5 10 5 7 0 0 5 5 9 0 5 7 5 5 0 7 9 10 5 7 5 9 7 0 9 10 5 9 7 5
0 5 5 9 0 5 7 5 5 0 7 9 10 5 7 5 9 7 0 9 10 5 9 7 5 5 4 0 5 7 5 9 5 5 0 5 9 5 7 0 5 5 9 5 0 5 5 9 7 0
5 4 0 5 7 5 9 5 5 0 5 9 5 7 0 5 5 9 5 0 5 5 9 7 0 5 5 0 5 0 5 9 5 7 0 5 5 0 5 0 10 5 5 7 0 7 5 9 5 5
5 5 0 5 0 5 9 5 7 0 5 5 0 5 0 10 5 5 7 0 7 5 9 5 5 0 5 10 5 9 0 5 5 9 5 0 5 10 5 9 0 7 5 5 0 5 0 5 7 5
0 5 10 5 9 0 5 5 9 5 0 5 10 5 9 0 7 5 5 0 5 0 5 7 5 5 7 0 9 10 5 7 5 9 0 9 10 5 9 7 5 5 4 0 5 7 5 9 5 5
5 7 0 9 10 5 7 5 9 0 9 10 5 9 7 5 5 4 0 5 7 5 9 5 5 0 5 5 5 7 9 0 5 10 0 5 0 2 5 10 5 7 0 5 5 9 0 5 7 5
0 5 5 5 7 9 0 5 10 0 5 0 2 5 10 5 7 0 5 5 9 0 5 7 5 5 7 9 10 7 5 9 10 9 7 5 4 2 4 5 7 9 5 5 0 5 10 9 5 7
5 7 9 10 7 5 9 10 9 7 5 4 2 4 5 7 9 5 5 0 5 10 9 5 7 0 5 5 9 5 0 5 10 5 9 7 0 5 5 5 0 0 5 5 9 7 0 5 0 5
0 5 5 9 5 0 5 10 5 9 7 0 5 5 5 0 0 5 5 9 7 0 5 0 5 0 5 10 5 7 0 5 9 5 5 0 5 10 5 9 7 0 5 5 4 9 5 0 5 10
0 5 10 5 7 0 5 9 5 5 0 5 10 5 9 7 0 5 5 4 9 5 0 5 10 5 9 7 0 5 5 3 5 0 5 2 10 5 9 1 7 0 9 10 5 7 0 9 5 10
5 9 7 0 5 5 3 5 0 5 2 10 5 9 1 7 0 9 10 5 7 0 9 5 10 0 0 9 5 10 0 11 5 9 7 10 0 5 5 7 9 5 7 5 9 0 5 0 7 0
7 7 7 0 0 10 0 7 0 0 2 10 7 0 10 5 7 2 7 7 2 0 2 0 7 9 10 0 5 5 8 7 2 0 5 3 8 3 0 2 2 8 7 7 5 7 2 7 10 0
5 5 5 5 0 0 5 0 0 0 0 5 0 0 0 0 5 0 0 5 5 5 5 5 5 5 5 5 5 5 5 5 5 5 5 5 5 5 5 5 5 5 5 5 5 5 5 5 5 5
5 5 5 5 5 5 5 5 5 5 5 5 5 5 5 5 5 5 5 5 5 5 5 5 5 5 5 5 5 5 5 5 5 5 5 0 0 0 0 0 0 0 0 0 0 0 0 0 0 0
5 5 5 5 5 5 5 5 5 5 0 0 0 0 0 0 0 0 0 0 0 0 0 0 0 0 0 0 0 0 0 0 0 0 0 0 0 0 0 0 0 0 0 0 0 0 0 0 0 0
0 0 0 0 0 0 0 0 0 0 0 0 0 0 0 0 0 0 0 0 0 0 0 0 0 0 0 0 0 0 0 0 0 0 0 0 0 0 0 0 0 0 0 0 0 0 0 0 0 0
0 0 0 0 0 0 0 0 0 0 0 0 0 0 0 0 0 0 0 0 0 0 0 0 0 0 0 0 0 0 0 0 0 0 0 0 0 0 0 0 0 0 0 0 0 0 0 0 0 0
0 0 0 0 0 0 0 0 0 0 0 0 0 0 0 0 0 0 0 0 0 0 0 0 0 5 5 5 5 0 0 5 0 0 0 0 5 0 0 0 0 5 0 0 5 5 5 5 5 5
5 5 5 5 0 0 5 0 0 0 0 5 0 0 0 0 5 0 0 5 5 5 5 5 5 5 5 5 5 5 5 5 5 5 5 5 5 5 5 5 5 5 5 5 5 5 5 5 5 5
5 5 5 5 5 5 5 5 5 5 5 5 5 5 5 5 5 5 5 5 5 5 5 5 5 5 5 5 5 5 5 5 5 5 5 0 0 0 0 0 0 0 0 0 0 0 0 0 0 0
5 5 5 5 5 5 5 5 5 5 0 0 0 0 0 0 0 0 0 0 0 0 0 0 0 0 0 0 0 0 0 0 0 0 0 0 0 0 0 0 0 0 0 0 0 0 0 0 0 0
0 0 0 0 0 0 0 0 0 0 0 0 0 0 0 0 0 0 0 0 0 0 0 0 0 0 0 0 0 0 0 0 0 0 0 0 0 0 0 0 0 0 0 0 0 0 0 0 0 0
0 0 0 0 0 0 0 0 0 0 0 0 0 0 0 0 0 0 0 0 0 0 0 0 0 0 0 0 0 0 0 0 0 0 0 0 0 0 0 0 0 0 0 0 0 0 0 0 0 0
0 0 0 0 0 0 0 0 0 0 0 0 0 0 0 0 0 0 0 0 0 0 0 0 0 5 5 5 5 5 5 5 5 0 0 5 0 0 0 0 5 0 0 5 5 5 5 5 5 5
5 5 5 5 5 5 5 5 0 0 5 0 0 0 0 5 0 0 5 5 5 5 5 5 5 5 0 0 0 0 0 0 0 0 0 0 0 0 0 0 0 0 5 5 5 5 5 5 5 5
5 0 0 0 0 0 0 0 0 0 0 0 0 0 0 0 0 5 5 5 5 5 5 5 5 5 5 5 5 5 5 5 5 0 0 0 0 0 0 0 0 0 0 0 0 0 0 0 0 0
5 5 5 5 5 5 5 5 0 0 0 0 0 0 0 0 0 0 0 0 0 0 0 0 0 5 5 5 5 5 5 5 5 0 5 0 0 5 5 5 5 5 5 5 5 0 0 0 0 0
5 5 5 5 5 5 5 5 0 5 0 0 5 5 5 5 5 5 5 5 0 0 0 0 0 0 0 0 5 5 5 5 5 5 5 5 0 0 0 0 0 0 0 0 5 5 5 0 5 5
0 0 0 5 5 5 5 5 5 5 5 0 0 0 0 0 0 0 0 5 5 5 0 5 5 5 0 0 0 0 0 0 0 0 0 0 0 0 0 0 0 0 0 0 0 0 0 0 0 0
5 0 0 0 0 0 0 0 0 0 0 0 0 0 0 0 0 0 0 0 0 0 0 0 0 0 0 0 0 0 0 5 5 5 5 5 5 5 5 5 5 5 0 0 0 0 0 0 0 0
0 0 0 0 0 0 5 5 5 5 5 5 5 5 5 5 5 0 0 0 0 0 0 0 0 5 5 5 5 5 5 5 5 0 0 0 0 0 0 0 0 5 5 5 5 5 5 5 5 5
5 5 5 5 5 5 5 5 0 0 0 0 0 0 0 0 5 5 5 5 5 5 5 5 5 5 5 5 5 5 5 5 5 5 5 5 5 5 5 5 5 5 5 5 5 5 5 5 5 5
5 5 5 5 5 5 5 5 5 5 5 5 5 5 5 5 5 5 5 5 5 5 5 5 5 5 5 5 5 5 5 5 5 5 5 5 5 5 5 5 5 5 5 5 5 5 5 5 5 5
5 5 5 5 5 5 5 5 5 5 5 5 5 5 5 5 5 5 5 5 5 5 5 5 5 5 5 5 5 5 5 5 5 5 5 5 5 5 5 5 5 5 5 5 5 5 5 5 5 5
5 5 5 5 5 5 5 5 5 5 5 5 5 5 5 5 5 5 5 5 5 5 5 5 5 5 5 5 5 5 5 0 5 0 5 5 5 5 5 5 5 5 5 5 5 5 5 5 5 5
5 7 9 10 0 2 10 7 0 9 7 5 7 9 10 7 9 10 7 7 9 5 5 7 9 10 0 2 10 7 0 9 7 5 7 9 10 7 9 10 9 7 5 4 2 4 5 7 9 5
10 0 2 10 7 0 9 7 5 7 9 10 7 9 10 9 7 5 4 2 4 5 7 9 5 9 7 5 9 9 7 5 0 9 7 5 0 10 7 9 5 10 9 7 5 9 10 9 7 9
9 7 5 9 9 7 5 0 9 7 5 0 10 7 9 5 10 9 7 5 9 10 9 7 9 5 0 7 5 7 9 10 7 9 7 9 10 9 7 5 4 5 7 9 5 5 9 7 5 9
5 0 7 5 7 9 10 7 9 7 9 10 9 7 5 4 5 7 9 5 5 9 7 5 9 9 7 5 0 9 7 5 0 10 7 9 5 10 9 7 5 9 10 9 7 9 5 0 7 5
5 0 5 5 0 5 5 0 5 5 0 5 5 0 5 5 0 5 5 0 5 5 0 5 5 0 5 5 0 5 5 0 5 5 0 5 5 0 5 5 0 5 5 0 5 5 0 5 5 0
0 5 5 0 5 5 0 5 5 0 5 5 0 5 5 0 5 5 0 5 5 0 5 5 0 5 5 0 5 5 0 5 5 0 5 5 0 5 5 0 5 5 0 5 5 0 5 5 0 5
5 5 0 5 5 0 5 5 0 5 5 0 5 5 0 5 5 0 5 5 0 5 5 0 5 5 0 5 5 0 5 5 0 5 5 0 5 5 0 5 5 0 5 5 0 5 5 0 5 5
5 0 5 5 0 5 5 0 5 5 0 5 5 0 5 5 0 5 5 0 5 5 0 5 5 0 5 5 0 5 5 0 5 5 0 5 5 0 5 5 0 5 5 0 5 5 0 5 5 0
5 5 4 4 2 2 0 0 10 10 11 11 0 0 10 10 9 9 7 7 6 6 2 2 7 7 5 5 4 4 0 0 5 5 4 4 2 2 11 7 0 5 7 7 0 2 7 10 9 7
7 5 5 4 4 0 0 5 5 4 4 2 2 11 7 0 5 7 7 0 2 7 10 9 7 5 5 4 4 2 2 0 0 10 10 11 11 0 0 10 10 9 9 7 7 6 6 2 2 7
5 5 4 4 2 2 0 0 10 10 11 11 0 0 10 10 9 9 7 7 6 6 2 2 7 7 5 5 4 4 0 0 5 5 4 4 2 2 11 7 0 5 7 7 0 2 4 5 7 9
7 5 5 4 4 0 0 5 5 4 4 2 2 11 7 0 5 7 7 0 2 4 5 7 9 7 0 0 10 10 9 9 7 7 6 6 9 2 7 7 5 5 4 4 2 2 1 2 4 1
7 0 0 10 10 9 9 7 7 6 6 9 2 7 7 5 5 4 4 2 2 1 2 4 1 2 10 7 9 2 2 0 0 11 11 9 9 7 7 5 5 4 4 5 7 0 0 10 10 9
2 10 7 9 2 2 0 0 11 11 9 9 7 7 5 5 4 4 5 7 0 0 10 10 9 9 10 10 11 11 0 0 1 1 2 2 7 7 5 5 4 4 0 4 5 5 3 3 2 2
5 5 4 4 2 2 0 0 10 10 11 11 0 0 10 10 9 9 7 7 6 6 2 2 7 7 5 5 4 4 0 0 5 5 4 4 2 2 11 7 0 5 7 7 0 2 7 10 9 7
7 5 5 4 4 0 0 5 5 4 4 2 2 11 7 0 5 7 7 0 2 7 10 9 7 5 5 4 4 2 2 0 0 10 10 11 11 0 0 10 10 9 9 7 7 6 6 2 2 7
5 5 4 4 2 2 0 0 10 10 11 11 0 0 10 10 9 9 7 7 6 6 2 2 7 7 5 5 4 4 0 0 5 5 4 4 2 2 11 7 0 5 7 7 0 2 4 5 7 9
7 5 5 4 4 0 0 5 5 4 4 2 2 11 7 0 5 7 7 0 2 4 5 7 9 7 0 0 10 10 9 9 7 7 6 6 9 2 7 7 5 5 4 4 2 2 1 2 4 1
7 0 0 10 10 9 9 7 7 6 6 9 2 7 7 5 5 4 4 2 2 1 2 4 1 2 10 7 9 2 2 0 0 11 11 9 9 7 7 5 5 4 4 5 7 0 0 10 10 9
2 10 7 9 2 2 0 0 11 11 9 9 7 7 5 5 4 4 5 7 0 0 10 10 9 9 10 10 11 11 0 0 1 1 2 2 7 7 5 5 4 4 0 4 5 5 3 3 2 2
5 5 5 5 10 3 8 5 7 8 10 0 8 7 0 5 5 5 5 10 3 8 5 7 8 10 0 8 7 0 5 5 5 5 10 0 2 4 5 4 5 5 3 2 0 5 0 5 0 5
10 0 8 7 0 5 5 5 5 10 0 2 4 5 4 5 5 3 2 0 5 0 5 0 5 2 4 5 0 9 10 7 5 10 0 2 3 5 3 2 0 5 0 5 2 4 5 0 9 10
0 0 0 0 0 0 0 10 9 0 0 0 0 0 0 0 0 0 0 0 0 0 0 10 9 0 0 0 0 0 0 0 8 8 8 3 3 1 0 8 8 8 3 3 1 0 3 8 5 10
0 0 0 0 0 0 0 8 8 8 3 3 1 0 8 8 8 3 3 1 0 3 8 5 10 7 8 7 5 5 1 0 10 9 7 9 8 5 10 7 0 10 8 7 5 0 5 0 0 10
